3000
73.104728132 448.072196934
73.135254330 500.521541363
291.127232042 371.136137805
76.729304854 249.570998798
420.496574929 564.098724200
348.945148914 -565.589959067
11.310582606 -555.757344470
409.302147731 464.247562611
-717.396970149 218.006059749
-504.158892496 248.431910295
-629.426146013 288.084893222
162.107632016 296.876307770
531.400156627 -586.524494558
458.022947018 12.774798340
-171.692187036 421.971854227
493.520669161 -581.091965207
-237.951183008 25.939338608
-213.663402987 -158.017217288
548.424682145 680.691214804
592.777302988 151.029811612
49.451860578 -471.030291574
270.280958219 326.575991346
-14.446364620 875.865134487
337.360602326 16.216683195
491.130574451 -25.907958560
12.845225510 875.938772034
-255.875264572 237.507578365
299.448516675 583.297088323
247.165475567 398.351413296
546.278074013 -760.261313450
-531.001829268 -186.538324219
458.423116112 -775.706757575
98.841378868 541.996265642
505.911137465 604.585365893
483.143894005 89.171350899
-662.055927220 313.745432445
106.194116740 851.909407539
469.117578244 44.585261857
98.398335433 201.021993876
280.703748940 365.236143152
-180.522027386 844.303831162
334.519410678 527.891797306
458.818991307 -304.108832281
-350.362733469 -333.655078569
421.486371844 -896.788965687
-221.707834823 784.582602407
549.807042799 174.824633150
221.895996129 69.861742705
200.316861463 790.721840181
-11.288267777 158.280963241
423.158807925 -746.801487944
31.264452035 902.316692213
195.145422708 539.348154597
459.827710967 525.253849540
493.422376036 -340.218282717
460.171453558 -748.018679558
483.230014593 -737.859373826
435.540890995 249.201638056
-322.299503883 -314.806325039
-519.592086335 420.762412168
-147.779503632 -193.721614229
-110.716984017 444.846117340
180.984110478 -219.128736383
200.187866755 807.964545561
150.315143801 853.302027827
-622.611253604 224.281051457
-222.710786557 44.080934018
630.951703126 -105.112245203
133.719822749 210.662544938
-74.145172950 41.751542104
357.330636691 561.729753764
122.719928993 548.274319857
345.673238284 582.163530874
491.159039846 -581.482458215
-174.681823458 -468.568649253
79.450005689 526.677544998
-578.318027907 -140.177187736
569.154919922 -645.149148565
183.360071222 45.629746264
516.269054005 17.176396859
487.704209155 517.507482163
555.671458166 -786.724648112
444.909968181 82.498126518
715.066608512 -236.489463334
462.362109823 39.664729195
402.634475968 -60.243065965
519.937746656 -210.490615492
430.684877872 -736.061085427
240.545208447 373.109632160
-672.410491103 -374.039707879
-370.205191285 220.145436078
295.122542585 669.358434619
138.514608271 481.874063428
311.473151861 808.029371492
-326.095995378 -367.707488550
480.923206620 -792.397975716
224.897703843 543.347654719
199.997037398 -296.690373523
-178.619933072 -236.798347402
173.643185350 627.468496242
71.419580308 -429.408700198
180.206382068 925.197694912
-185.636409841 -226.377184325
-12.568518979 430.841611294
114.688308976 -522.191438821
513.361753220 -561.269132499
792.847900968 34.414777067
613.728140920 138.866621759
452.500823296 752.156880108
222.542463193 172.470839047
180.547020050 421.791665839
151.202460808 880.603405750
660.734115119 -279.539756139
542.911653278 -244.033539777
-53.674414149 885.590590934
326.952157277 531.417984591
-159.028297832 234.619854536
231.903952534 159.139150668
-350.706866145 -334.451491861
742.069825566 -241.489582017
411.850792736 -258.482348951
301.583313004 595.847320446
-678.325775098 211.548983176
-147.101278966 363.215064182
346.954685100 63.825683421
94.258571342 893.597625260
331.314729398 -256.079403700
509.505248840 207.663129887
565.084402844 -722.473068332
-341.779849156 347.102862357
569.528602582 -656.262425251
-218.210532803 809.989189326
-161.745658116 -448.246355187
754.463936806 -278.807441430
56.532929733 901.238634727
-160.672592014 -192.794216568
-297.872406659 -204.529379613
427.191877268 -826.551345508
558.146791580 -795.481611805
416.100999324 75.251537816
302.496906449 487.920402915
-704.452479640 285.192988914
-202.169044404 218.093932863
216.354641435 261.391211559
-159.434064941 384.664366799
302.862907471 490.647759140
260.041432899 772.431978554
91.986120933 639.908670699
-474.219192324 568.369462931
198.920727664 60.322795765
607.907479571 143.614041586
-451.668710148 587.738768658
50.832525581 897.087153031
166.110544103 -279.124836386
483.885809226 -706.375289903
-346.024530091 263.350820548
-93.153774117 177.978551731
-213.331158233 409.207204402
-168.678188916 -164.004191157
309.115032322 243.821601938
166.056833909 831.279161032
-648.903080464 204.238428877
-245.951726182 67.099216425
-717.042716602 283.319629124
-688.756483960 -318.343093574
234.793138857 727.539465205
661.528778593 -59.314007421
-741.917324592 241.728734552
176.223756888 310.543127774
57.624881174 -170.419191527
-221.675072234 -262.013750300
15.811961870 225.424518777
486.817017047 -334.805967445
392.843125781 -353.846637775
698.552252940 103.346312108
-651.140362326 233.727053166
-104.176793268 171.894839462
-271.453910379 -659.272654440
-39.285464392 863.013462787
326.579764968 824.307344360
534.517038547 -629.629441394
8.945993719 869.836968108
-765.871133536 308.218076750
318.827569145 801.477859492
175.194298595 791.221487402
-33.199746745 -323.645895483
-353.282660018 -349.139657300
-208.870014366 -203.598311723
146.300205139 -203.173994782
235.699254387 -50.479366988
315.482791378 702.769565481
751.635107392 -239.882546756
196.241287959 80.216931513
160.868669645 -447.339390760
-266.928292681 -25.307867148
441.301551816 706.175934780
211.762895388 822.736864316
81.877898595 525.275853304
439.205006773 724.173835121
-283.840885123 687.466201748
422.247907106 -941.029147536
-272.634488815 660.651925249
494.019396655 -715.464947210
541.211306850 -34.091401287
225.689444504 792.343366294
-136.028844848 443.657271706
-217.032418909 -100.458552169
357.497094902 -308.825511720
475.727390056 221.666737431
546.653918575 -737.247398709
-696.546985858 266.019824042
350.688351421 314.026882427
-77.468156232 -183.161576786
345.783835520 -280.905344575
172.337633909 -527.519165171
581.237905653 -553.308049890
-795.925368434 307.586029021
-67.747364501 188.239724587
118.208886917 -360.396818133
-300.178798319 -154.791201621
244.302289193 -320.936878717
-369.513495148 -82.393680837
492.990155374 -748.848549798
418.604360098 -831.584300698
-176.172260524 828.400807101
361.149940395 551.974224308
-21.462854270 432.986360822
-253.458448585 -157.556779156
-320.777876671 390.451643764
90.834146232 536.922223016
-215.105032142 19.928286419
-259.957816192 -541.298996978
-686.318403766 -302.165156573
628.099306384 139.382643054
-50.616532687 879.351498927
436.227470730 -734.384953109
332.414370795 496.577164760
346.366850351 558.654521793
-204.081700898 -193.644642787
283.391373421 -155.249522598
498.497368704 -566.099913838
439.867089228 -4.447855116
26.486829422 867.401649564
408.164686986 649.952816518
436.129805139 -694.088130000
264.399195784 -174.662797376
317.445158440 366.479919719
458.138971221 791.236330126
-29.437212850 -647.354605635
-211.767771580 409.410345210
438.035169425 -733.896501350
76.479610722 716.249753315
-353.194040787 234.852402226
378.957007316 596.035599694
299.442944667 532.332830868
410.326502699 -726.610655809
-578.575812736 -430.492372075
444.849061565 62.742946551
484.389597905 568.771207004
-149.237347604 144.270917989
230.963850832 806.122455446
321.521333548 -204.561887458
330.783747160 515.402890890
138.877695585 -197.516203539
-76.451408488 832.819341161
-98.541166303 426.359121810
217.445083820 797.540833517
548.605439752 -3.885464259
34.153401922 -248.051484181
456.130083728 568.675722076
-34.125462887 -314.894942661
-694.620157676 284.519024284
231.551681506 -96.325090418
286.514442260 852.235123550
-193.628528987 -0.350149542
18.473360898 -565.102850958
311.336718089 201.961548289
-170.856773741 -211.432451302
21.720329873 239.437328723
367.705865044 591.870627172
355.418585642 579.200291914
409.704211687 686.018377396
315.631182141 578.728477819
-732.175963692 359.211657367
-49.237494931 -344.770888857
-69.727324653 421.608747253
726.303699571 89.868308307
280.589113654 -348.557709768
-425.860060853 410.876480168
-174.881686793 332.713139550
-192.406051876 571.790659483
420.218668544 11.079459307
60.520646919 450.450280690
8.850094905 871.557512270
-252.489400561 97.157798517
224.642472134 -8.057487661
-245.879755876 288.543603123
250.605799770 443.030265852
-167.210921158 -253.931059163
-65.700034785 826.886171646
97.225611398 550.421878114
318.491536957 845.638104405
123.229553697 528.413706054
-251.259142506 -681.970928926
-174.523626468 277.964354809
192.852520808 568.671267745
423.292991418 -721.443686517
-423.612787510 411.648077668
129.989688326 499.387014722
448.595336701 -511.609468493
-630.844194803 215.138416454
-227.035347772 -516.187575449
-15.469999821 149.747745404
235.968347773 -593.561035434
493.952729327 202.619513308
-291.910090127 -228.937248777
-551.454678742 -430.675534714
-536.639567621 122.432644064
139.606497816 935.953920240
357.118552573 -310.280214874
314.040085707 896.139586918
46.803902880 -231.908073023
59.937049273 -228.852958416
-517.677427192 402.370626749
345.834941038 -412.808641809
515.524475077 37.465082764
401.217414279 -734.139217973
-157.195217097 185.468564034
-383.269951643 -138.094794280
135.520024490 499.601400051
-214.926862246 104.174545309
-423.680423007 641.466461723
477.568983983 79.463563762
-47.051040140 873.160459155
-211.006226930 -14.111226553
398.886726787 66.054880582
-470.897356087 566.042498695
341.178196358 -262.601753532
532.363549474 -399.407486079
-508.282219300 -411.552541820
-218.128872719 577.840049042
186.865103826 444.224628043
574.127547160 -103.033127964
-154.576171520 -739.896420791
382.150111394 -944.195427442
79.967092541 208.428966556
-585.968642034 -194.993688120
376.257087952 278.960862084
111.598996995 -326.105109425
-269.572550478 745.408852927
206.777237452 485.472430730
144.090485124 -585.761179426
378.878321953 634.784653177
-459.573160638 258.298221309
565.402689575 174.207812584
234.508592727 316.314311512
326.164995402 457.711684603
469.863731248 -13.873483303
772.340278154 -243.726646672
-326.298079914 113.667347521
-514.672511781 438.582306263
-99.597030559 828.840642579
323.051959719 822.795984673
137.459242661 -261.741938642
-231.249948800 588.435811212
269.084110397 732.424445053
802.653760531 28.245761397
325.510974205 680.238478795
-36.426225344 -661.142811177
-89.140533136 36.196331891
-224.437208490 19.221859527
238.088457341 -92.372858112
422.199109141 634.199268541
-113.243156470 249.559771414
293.647861613 707.093804735
551.521383676 -802.350040985
199.129216604 566.691658307
-152.801622295 857.147951619
615.586154897 -176.333521296
351.765563385 360.739730615
-571.938064286 143.352175565
151.411552075 567.526626888
-228.245321566 -90.870009374
207.267062998 -6.936248624
164.306253655 504.217274627
450.451649321 -15.523918820
-707.279983427 214.165096553
-497.554350586 350.784037753
358.980896088 -306.834968663
-311.407039766 83.945178270
146.346711041 -523.981116052
-455.949346081 -155.270869978
223.733882058 758.027525449
-589.431400803 142.078631201
316.988956916 590.200354606
92.010590624 -574.956002914
394.808218565 129.354723627
66.734930279 -416.087500676
178.802495173 531.337823491
744.892119798 68.990267715
-0.619682127 424.620285392
8.196598568 897.213245199
105.817612834 460.192802700
223.269354147 494.184946048
306.332383540 763.151236065
-747.952136062 243.387493624
334.885610764 814.426560031
238.750766861 -77.366725552
452.851936127 529.545372239
468.721571000 -701.345839607
546.555604151 -110.015198806
782.994172229 20.117949509
435.627797090 455.984403224
240.098207932 786.792693463
311.232012992 -523.969634341
384.272094244 -229.853104499
-644.873251336 -268.140672751
102.568202623 894.220286482
580.046728836 -415.236463349
-429.882000115 322.795749916
278.772000240 716.938450990
410.774691252 759.660752252
422.413018087 527.558190013
530.638164941 -223.412677048
-13.492472783 -284.080335672
-211.181978364 224.305280860
498.756213446 -349.786048739
-41.634636305 860.248206590
36.913540398 -234.664078480
-1.667816310 -329.391677858
73.085963561 -409.608666861
409.113949712 -373.322314780
251.147405815 442.811433010
443.774909742 -789.509455202
21.499266627 901.035636704
794.123762085 -257.570387471
-384.287194843 217.040764637
351.129973014 509.891308557
-691.327442706 242.521997854
206.275699052 232.069090930
325.708792686 550.850552730
108.624387178 639.506183783
285.879315365 718.466464930
364.499751251 66.262724231
-169.439142420 3.355939829
182.739932954 612.376687095
349.812322109 -0.413575252
-515.072465378 334.129657731
34.740187591 283.885691404
294.496905318 688.787629299
575.928680780 -581.281112730
21.575364826 -535.113637377
-207.688115940 221.009547444
5.808055183 -148.718749045
311.158747500 -275.540907022
96.300479129 888.801925638
148.386922057 510.728650008
-115.420600600 457.517759079
-318.615833261 380.460751701
-161.037007302 829.941369718
-379.035676160 78.250366447
543.484211563 171.864182943
-44.551395167 -333.154441598
129.276148678 273.999570738
21.201835442 -249.233853134
335.578717523 610.770621458
25.993492564 -521.148876296
510.987077465 -783.596528401
401.870472713 -241.380822084
-357.493182139 -141.785635306
-220.597159981 400.815203066
569.776723166 -619.452053948
278.493080423 -187.848083791
-501.617081176 444.863058068
430.488092150 -95.827963136
544.623369762 -749.313652147
511.637229938 -86.198033453
-180.285623049 845.853573961
306.403817056 -295.982062634
437.535664194 -810.522984288
-176.016906034 847.882136448
299.160047942 567.396248469
445.037647440 73.506961248
437.633433227 696.767541036
-526.276914942 -413.984133112
157.492355509 849.843063191
294.784321829 422.594981959
-122.755848371 446.057890623
229.832810277 -530.316659227
455.464261899 -26.043082240
-118.109761639 437.251284527
-135.927515090 -206.806835403
274.788891395 669.953538140
469.105084015 -316.620186934
406.212960796 17.439361182
54.304007578 400.712673546
388.164701501 292.883892508
253.105028076 -160.394917794
-166.494425555 397.397645190
165.627442101 -445.702106272
283.820017474 -152.623671456
182.262081844 486.272082499
169.658615721 -215.699587767
-547.536014240 -424.704017593
398.880046325 -895.601688654
207.841799641 35.733178799
544.483997039 -813.891084249
-662.855052768 -385.768697654
-337.749904830 278.931039702
-367.914919504 317.490140823
408.155487432 648.023075506
305.331013173 366.649796429
632.268262060 -295.523926185
431.164241591 86.348618077
415.704475061 -811.442084509
-327.198931256 -50.767777723
466.331483583 -232.929082871
132.915959041 250.388954485
341.355130763 675.209492864
502.878751391 403.630369011
324.425727942 500.511646221
306.278641165 734.088742835
544.113163885 -32.883397725
-226.894334975 454.769227885
753.005273224 69.543602718
387.183481010 605.162592817
-109.171377757 221.843102706
144.730836147 848.069016722
-732.166789620 258.761211750
-36.810796430 920.602170322
451.623804984 -24.339095669
-667.960249076 -383.978071966
399.078468198 79.449882020
730.063588715 -45.494315487
-642.644733020 287.642926246
119.369364937 -302.656854234
310.278360957 321.946695741
225.409238395 59.915906562
-61.257229912 192.901076374
-254.781342198 778.133113273
402.520427213 553.507575205
398.958146701 -440.404137336
-345.928227137 249.473167337
155.658911898 545.677959751
-133.995367624 831.261839747
-503.139384650 -235.973769815
354.902629744 563.683723525
-228.423302954 580.788268683
14.865149269 544.531670856
-253.560555486 -150.673230498
540.860289879 -15.520612074
-105.357385757 871.150231494
-720.748308031 359.769951889
338.532469745 578.647794010
-82.714194297 879.818298428
-12.944186864 170.944354260
47.871802136 -372.757988280
-258.857398712 120.323197026
412.000521621 759.218108048
443.138982031 -421.688520081
-56.382296609 396.276709825
-380.195115495 624.101527125
429.388841566 -760.337052707
285.194925621 -526.302866735
9.351397672 463.933997727
-659.677417106 237.349744938
252.141786286 774.975160974
277.580398485 676.324690778
-707.990797169 229.605684182
-159.322440034 543.118347604
-510.484495515 111.954309334
-513.154257164 -239.883797821
362.178002532 616.539917377
280.901815223 -147.463123809
189.409675934 319.936623103
418.825391448 -902.967618884
220.910802381 503.300758536
490.517994211 -774.481099282
455.327497159 16.928145577
19.588552544 -318.502243438
100.810524751 697.348411372
-66.394627268 192.081856889
-55.427714091 201.957471706
-163.863033831 841.979515564
-652.880642188 178.070049901
478.119206369 -784.090906665
161.941064606 433.258169036
482.952961150 107.633511028
-288.650696871 -280.365454946
130.243097401 432.688952669
243.003708221 -589.198808919
434.642791671 484.266475200
342.316363146 559.211402618
269.320370243 321.154655001
-333.281965274 -327.267679067
383.671384116 -725.915645280
-453.192144227 79.076397982
126.726346104 -268.630406915
-160.971702316 383.779441035
-146.306744939 357.830018027
-520.332573050 420.272025739
73.319911301 -253.635776401
223.709267729 91.425445003
88.603403914 -374.058723254
-5.603594354 -276.189659523
170.386194098 -443.225186450
360.979421517 831.528353585
611.489464090 -179.380354271
59.393971199 474.480641018
498.508921424 6.281794788
362.623279933 -296.862904122
7.359856554 280.689811417
352.874039492 -215.024905274
231.104575889 482.470894176
466.583398271 524.586153299
85.556841720 869.218187448
512.820833662 -6.099725084
142.334993937 424.802473716
-627.928672132 183.986931754
302.440726239 480.692527560
502.393086462 20.413667686
-22.636793396 894.365333368
281.106625469 -344.992461890
-298.880175856 -385.548339510
-197.512809417 122.067275512
329.262829417 814.234842646
-645.359476999 276.017094137
-646.122400968 203.832578482
-350.963256337 548.472026612
281.864350628 -353.388737091
474.411942786 -699.327051567
398.210755974 -344.814664109
-223.700605929 440.441608545
-387.051540456 -352.788772674
39.352241914 -569.957904958
-199.145261109 -225.383785713
445.484102772 81.937523633
89.112608444 47.789679743
543.481600894 -501.817380952
163.498121438 490.604953794
276.708141290 701.471725844
231.880975407 161.135214291
524.862349648 -108.342091371
394.161573567 287.530476779
-431.623254958 269.318741970
621.524905055 -157.881132735
323.114535679 -269.071695245
297.658926466 559.303944486
-170.598262091 326.529228897
580.100814535 -414.329321611
225.625819396 799.359529372
348.854384087 497.377289077
151.304212255 866.005920715
545.159274063 180.497145006
241.109286872 726.632394904
347.402920313 6.983386758
-691.261486168 272.286318436
-307.248424424 -312.453061645
323.439451622 535.428931854
-283.137661021 -624.138998951
136.823665558 822.762901234
409.439474525 -853.964249419
-153.121664103 367.648721543
313.141398653 716.923916954
559.160712459 -374.289147704
-194.888315017 833.381719267
-104.229729715 382.029590289
267.897812360 717.364799992
-257.171276364 734.230452242
-284.058715708 687.269892093
148.179061109 -370.189683945
195.657953234 -447.765729206
-554.331755237 223.261980127
228.471755455 151.900750398
399.453737571 -249.142114446
-626.035821381 174.182121880
-367.151210268 324.397465050
-112.427010190 -181.477827901
533.848307825 -819.226416016
-340.323511824 685.568568754
581.195351781 -285.308854950
-70.493165346 864.326247576
536.463019181 -733.218529415
-324.153940320 369.076939182
475.284598999 -766.335143650
286.813647162 726.706467392
-186.934161682 -729.980331729
10.098374678 138.320249621
-170.670158200 234.920440076
-207.516198251 -160.494012995
-242.569434213 758.280227266
245.828705884 -590.851012176
526.521964140 -555.569523492
433.881245893 67.510924261
-199.187784389 580.689246800
-46.452059962 829.406065383
-546.733144005 -247.334362980
-225.008281208 -709.309645727
324.877493823 327.987594764
-87.868156550 391.609173172
281.871623950 -439.633489610
12.811034514 -554.390058059
-130.513372291 150.145629952
-421.321259763 405.785290384
-586.701380172 -428.734212570
-674.947951111 -285.161515282
439.137100959 787.747802996
416.083946380 -280.726522870
203.321171805 263.831933331
58.438274953 -229.474048021
-582.361058545 -140.634137143
315.232669487 -517.892045737
197.878631386 298.442757380
323.601480940 -521.647690040
210.000785210 53.366039162
173.744697800 524.509148868
555.846711334 -780.425387434
525.236402381 -789.987249089
638.167592211 -191.151845832
484.717744211 409.089845387
347.875766444 5.620082144
170.785419915 303.508722752
150.246559768 485.971725211
305.873944232 -260.395665632
210.824886642 273.743881355
-572.708161404 -125.740426617
-243.649900001 674.319105265
328.603126778 840.019231762
-97.163386650 368.164663470
381.982866798 -348.039517364
-162.304871806 -225.553043534
727.673148691 80.980147681
-119.507495121 -414.951459961
463.289486944 -682.295906156
246.237105730 -260.973101834
237.205685260 780.902455042
183.158314063 790.004668129
510.141436887 -749.930976268
378.092032946 -324.531617040
650.577066243 140.243082248
-431.957011161 276.070192174
-119.615827862 888.929232546
-760.147414680 338.033952612
-285.177478138 172.850276823
-519.009753370 -237.632307007
390.503133166 274.279486178
446.520726346 -696.244011354
-346.692611223 -54.039757596
-716.130537363 266.411757574
377.656918826 -784.710003262
543.194987372 -30.915540118
291.967993249 902.124879477
453.032147292 126.108250837
498.408082191 -725.202272318
559.040871298 -743.805008290
-151.842314793 -167.726764335
108.701259486 493.152416893
427.995617814 257.603188250
86.526925721 -248.928939855
386.680571360 -796.893691753
-579.742300131 206.322122223
205.250238527 -231.371228884
-66.808675564 -717.231104504
291.593446539 588.032425458
-623.758593254 -414.850568423
111.379542453 495.165802833
514.320329820 -766.805414924
537.187273960 -233.791740634
499.324407747 90.190216600
121.255196416 -261.452281889
580.999139844 171.992893900
190.345256921 819.737135076
-455.867171474 -77.481959112
749.987967908 82.829110568
358.682519748 -215.574760745
7.403188871 -256.086792390
-360.111945738 -410.783020209
403.708283779 -549.798772276
-634.006529378 268.931065316
-155.601489061 -745.331997472
-181.065797274 -230.439067446
-72.733627567 882.992898677
-782.292145717 301.847399568
127.899043822 570.965500379
-519.399838603 -156.222368745
-166.162787398 -258.904288308
81.679429107 500.634730565
431.413772527 -95.738323051
235.387417846 521.562436898
-169.717212152 425.750244875
-237.191327248 253.461748439
-643.313434208 183.470324392
-245.036879056 -93.365897084
-54.383637914 460.695115360
531.539064392 -13.255888132
-732.166760692 305.561242346
29.424746284 213.975778475
-293.399738896 212.902128913
422.367791789 -536.792417455
-484.715959664 82.458410554
564.665523981 -262.557920415
-250.565538045 755.418621082
-266.383114330 -288.902003634
167.955555763 550.753150572
492.984181217 -29.827340309
41.204942902 579.517238508
-20.487925644 919.042498180
342.194358631 809.526287813
27.746916555 410.144892495
-100.478631248 833.869338550
315.879444822 317.192615689
-319.797655116 689.046461025
414.485043192 -758.662565497
621.055617742 -320.004647203
-54.576220493 395.615026604
256.411982167 -263.101828439
115.474099608 447.431751496
214.394570660 -39.650139787
-584.471792599 -156.262740268
-215.505528325 -158.535179548
134.034414270 213.090251794
-758.933087318 322.487000137
72.336540475 297.712624041
97.354362721 -252.009610532
-440.495234679 73.376393716
43.429637291 890.530648810
-455.226483526 -149.691135244
354.702483776 360.528168399
514.285900098 -801.697428269
634.200949282 -304.993014923
-447.893750198 -384.452304368
438.869616704 559.610861498
-580.258512636 217.293601433
-49.070467096 -688.907458218
271.679644575 -188.348275730
472.717812670 -771.007870434
217.167381570 54.128257045
-505.061039151 -228.003684875
-407.823817130 83.203480038
-255.628313958 217.419544465
270.137926530 301.608397804
228.255024297 -57.723541590
414.946022801 122.052564213
89.868147018 -373.435700402
295.896674973 718.314275399
-26.472028175 78.833500676
394.319718845 -362.847525803
440.160621954 -727.469976087
-673.582746789 239.620561577
-105.556279405 167.815220512
614.655253621 -45.098280605
-801.644947263 302.074124143
-211.908171856 -153.961570498
561.245677284 167.206205700
64.840857959 -243.928156187
-90.058445501 451.758432522
416.520240712 407.176359183
105.371979938 838.175144558
564.302908735 168.689186084
-561.118676097 141.737190241
184.088340412 497.254619085
-332.738991252 -418.406629062
282.976041553 363.208920360
329.656443705 -222.848237406
-434.009906823 308.891606629
-556.357207885 286.269682765
599.177968387 -292.469226411
11.389471631 -557.965343426
-93.315051786 488.244673635
-131.391512142 421.375177207
336.319656218 475.623943027
-193.712673416 387.770077342
-90.062413403 836.575284034
75.454167317 627.841307363
466.704803602 697.423127327
-113.528901222 357.959635999
366.993941298 -222.191396967
271.668439241 608.849288033
373.460909072 613.364232304
-167.619211920 416.784544209
421.705845085 786.929356623
370.887959347 -252.887089061
-274.401023923 -551.380633632
162.325800996 849.263797924
-109.684823188 432.840626081
-196.645846308 802.836349306
80.741541627 -414.038215828
-635.495315009 -410.743855511
496.195358388 -802.050877413
522.073499579 760.264064069
398.849851093 555.887799378
578.055794642 -279.597780441
-484.179584431 431.454310305
347.323416016 361.927126690
376.439885789 -33.753014177
480.829473340 -153.662508858
260.440723905 751.023471291
156.560502587 -273.933227472
774.172203749 62.360436925
349.853643107 83.915359029
269.530540630 696.859354590
368.302524793 131.699894229
106.620516543 -581.417024847
-178.011195672 369.000747869
-1.202971460 880.360332537
589.085675073 166.516480016
527.556314010 -248.010242793
277.462635768 -212.766623924
-110.640418883 448.972224617
-245.839379231 103.675407428
372.224051002 -933.528136495
299.915417597 325.678909816
235.926369710 325.976950924
537.730047458 -825.622038281
134.542338840 23.844157627
-768.918201206 307.078170535
339.572230757 535.539554691
-153.254706648 850.917463025
130.692091795 827.813592392
62.288325704 -258.675348797
513.242057540 -318.507871592
-685.536996102 266.947480682
113.652076351 473.665876518
-230.541699661 807.584819919
672.050610406 -60.884811350
102.036492075 855.090576245
-5.460359882 172.221186023
495.205913411 -22.645865956
-392.789913669 217.165830445
696.672198128 102.793709218
-286.164662019 -164.938174166
625.388812749 142.978929514
492.483199102 755.107318220
284.917585752 727.283030602
42.403161574 408.691584239
346.628191139 304.798528625
110.949374754 -281.687126985
532.730133298 -716.034867182
-67.695922767 -127.104990959
-281.443690538 -576.598896089
195.302094425 837.592511540
333.622353834 -316.484251141
716.092026597 -229.918844715
164.705070690 859.272147368
-532.997634162 317.361978183
146.082895475 533.875127661
-707.835222681 245.357569314
-682.917734618 272.604147480
-157.492993500 235.415893778
202.641171613 4.776769932
-204.870682399 -224.782839034
-193.377472341 342.093268972
497.223216893 -802.990820819
681.587717238 -53.885648585
-209.962198918 118.222974601
29.776584454 238.985668952
467.155447831 702.458413748
76.247250189 524.238721023
-342.944124929 380.541093350
544.033428499 -749.969153496
101.785419770 -353.559594447
197.994224096 447.687434322
580.333222374 175.497572856
441.147834139 131.966452109
747.949340083 -239.957653156
553.876127828 -759.101430734
378.742639815 530.379083861
424.269170451 -915.833145212
-184.412140269 377.740179146
325.881225926 570.172981328
178.020578328 497.494826554
-217.449824852 306.846904372
338.795225632 814.289285122
402.323635260 -813.379281107
-173.453017003 391.792979671
19.730901243 435.599349307
305.311330119 714.036309863
60.816552277 897.382642538
146.469960971 -586.931693005
-294.335801160 60.417873385
533.765962353 22.651042902
359.200266052 -311.885778065
483.112003743 83.309918417
455.604458507 540.153383848
-195.962244088 -231.051965395
223.376290907 736.928095919
510.603951599 -247.609279489
537.767182384 -813.499906314
-394.677550896 -84.193516835
-685.198768451 265.431167449
-246.864657028 346.493351401
218.503331894 62.006278033
-81.689826977 174.803152933
493.143687131 -717.144517999
-266.107502231 685.146960667
-51.011065054 52.907956905
370.621562309 602.269722305
83.542612584 873.635857549
289.575361862 -353.299982439
313.753272165 893.072434411
468.802296446 49.165731296
-254.257536768 83.434382152
-225.733396395 564.015342298
318.040503676 894.188713066
411.938161955 -725.393834622
784.567346033 -270.485945679
-233.113394645 282.897467942
281.647530076 654.320775575
100.986771056 229.939409901
-277.722306642 -239.659935784
454.250302866 120.200437228
-173.925407777 440.643196238
333.018875564 -230.642164534
113.808027843 849.159921003
479.920487814 -589.142688507
-263.221887490 739.735496277
130.045435932 462.994582567
-231.701198783 -268.821414538
627.501260266 -54.711907572
-43.207638752 389.931846505
-140.891153361 863.360738869
680.137387430 125.628435690
428.276807409 14.423693400
309.324622299 538.800159580
532.298639036 178.396572881
-135.744418985 -112.490922495
483.574777477 -773.255065564
-170.911688813 0.006394791
-203.547207340 -165.340741377
232.990490067 -21.063830784
491.989037880 -31.385997472
-29.533744669 877.389472033
528.566778788 637.571723689
327.287072002 548.351317643
421.288365359 543.978878428
-318.154475039 691.186951060
-297.799996700 -144.258659924
425.729639103 -754.568508510
220.214822635 901.028041122
408.668451842 261.213780685
227.138803137 325.874978785
498.944480654 -348.730023035
154.321725533 841.687346813
123.056262052 940.985038164
-615.163397605 -263.492128099
149.203162845 552.617212993
334.593546915 -254.223416633
352.189985273 894.056175813
407.195732570 -72.211026486
438.749806880 448.818385744
474.523476525 -684.653139289
-108.165087025 208.758960371
-141.001015171 524.645660274
-241.676046976 761.137125041
175.210653541 848.147039393
301.158627569 370.545252911
728.354485353 84.531869538
302.583328651 813.158407586
-470.281914717 579.404484914
-9.455082480 -329.152910386
388.132273414 529.057963512
-367.736726464 270.796477271
345.261185217 -302.281713181
-232.687924102 478.366034738
-496.960294009 106.138390245
355.530299644 -287.909292045
-352.623948424 460.983989334
607.159351199 -312.042715862
401.452773474 640.191544018
-679.895571329 358.947946900
464.495004986 574.030948169
-174.195323041 419.914196224
33.850535828 -224.505481493
314.127772968 504.933584997
14.495705597 457.799353876
-86.793641806 -292.945931534
-408.712101009 73.000994716
-333.051988250 -325.226725759
-98.444332849 401.053563453
201.791954575 66.623910066
674.830774175 -46.646528213
480.910709789 48.954650070
669.546735618 -66.375582186
70.901945295 290.030909886
480.024606876 653.514054410
416.485209518 -899.521168310
-573.321458780 277.610242488
443.976781809 -702.175886829
64.668972805 472.174333034
-137.872688880 467.992228466
304.535803381 524.441642208
512.676735342 -363.116157904
522.460523161 -776.757411543
377.732571184 -498.723214426
-225.646918201 -159.476541874
-504.770968678 -404.141251944
144.346705203 289.454272288
412.814970200 -937.735869269
-278.330037748 -297.462143317
112.333040417 862.868632941
378.022986184 621.816764722
91.586848665 852.442345952
-581.073443160 244.743175578
279.437568631 -531.672339236
-194.928756834 828.200732772
285.435211373 718.299398162
350.535614630 317.833484070
-169.141115649 -232.465118531
-621.453838315 -413.422989374
-161.477545721 -260.971090067
473.044122728 -744.336741776
-161.811020429 -731.821785289
330.758993977 668.954041119
4.341867742 425.701062769
350.380148598 551.668132364
-353.360067127 440.505151974
-253.440729063 772.158073043
53.847044499 406.512737035
779.773925021 -32.709512169
729.185104912 82.777383125
417.084301137 11.646451904
504.563528307 -573.166836707
479.995334501 -688.830661197
-198.471497362 -430.705759981
354.579175961 -295.449025917
-21.917753195 884.344423704
73.552906646 -130.803435579
428.757178231 -901.037050739
469.856736471 575.916179781
134.529999710 486.153174259
369.627304537 397.172370417
264.498081926 -107.977413852
-525.151734850 -237.780115433
376.522526576 549.894404719
-112.144900947 868.118279666
-136.499235591 439.256839800
-108.629249542 -188.059858005
405.886024715 -864.003238184
108.830134264 888.625047622
458.141256252 50.013929540
359.344333932 528.088367303
565.997924060 165.160707101
-245.374181490 753.078550820
-684.076219264 224.279088886
101.332777836 549.324003770
-381.834743567 -59.240336413
291.713818122 -223.693496402
360.489544915 66.961645788
-39.191976796 856.767017882
386.826058507 290.975393281
23.493857436 238.796902364
-668.647230124 232.608941493
-199.957365220 -241.416684132
70.816760371 292.367972583
485.907628742 -69.698251214
-342.990632108 377.323383769
391.824257934 663.836314203
-428.216073543 600.728544842
519.218530444 -621.526631405
363.052187630 292.344475498
130.884518006 27.478198623
-123.607197658 -204.208806468
548.919385353 -445.538184291
483.222721809 -285.811173306
471.651444618 209.915040517
-207.671491389 115.902122677
-215.106321169 417.503262259
-124.136300788 -114.809846832
-181.242170953 20.010538514
-453.191232731 -148.221607475
214.682033083 205.253235205
98.824249990 894.453261785
-715.671982668 320.907140318
541.104747601 -23.762138226
309.911206316 833.299568357
545.725680356 -10.415120706
650.520845536 -140.921115973
478.614023667 705.279231943
439.252988227 536.103597728
37.505064443 408.660062850
671.988594665 125.449618103
166.135368109 425.221616883
693.044288828 -282.890024591
-71.847465121 -369.633420753
276.088851291 709.573656438
290.819640911 595.048297991
230.273201850 483.173806193
-149.015609753 -447.655805691
-13.765870198 896.848160903
104.158436145 542.832545387
-190.531316647 -157.984799881
406.596817034 -884.932249064
36.352347681 214.139666526
478.716789530 -687.706134489
442.650470809 -762.003754346
-498.452016607 243.559385494
411.028401201 -820.380132145
-126.846101664 452.239783316
317.693119122 -292.884611867
377.985013241 528.775424242
-463.642344198 370.618401355
252.955415350 301.947989597
-345.836363357 398.265422666
312.406517766 834.236534701
86.263099532 -575.087052678
-83.239587641 245.849085862
-192.722462810 -100.517261925
387.669195548 -51.688426311
-428.838935645 341.834423240
-97.699488815 464.849530471
-667.307389696 242.675324479
171.881783967 542.958846839
-54.760292339 830.213780844
41.676490063 -250.146860272
266.684943594 743.748414904
-411.340954199 227.568151697
389.129831190 30.387074721
309.337956831 -247.552096211
341.674494332 491.108542574
143.015784361 -526.656252438
-51.277261919 55.922687192
341.686600083 701.525285523
123.317698667 -299.143606202
-279.716750264 -636.545321854
-225.343728463 442.143057822
547.677807425 -490.448888614
186.434555462 215.961575021
-220.752432947 -326.861627799
417.235100844 -826.152806116
-84.971035992 38.321468537
204.883807474 816.720587839
-163.130153259 189.114263694
112.890331532 -526.161069111
167.926015067 808.943014054
-9.879008839 -612.270025535
491.270902915 562.641132689
-294.926392769 -36.594854036
648.526107949 140.722914874
655.663738617 -207.960922472
331.551882953 522.798530494
-213.864419523 374.407597671
-79.013157270 832.107548582
-47.868562313 853.307803157
380.721535104 -493.380250874
-259.284103435 196.460008737
69.707185038 199.739962985
62.417978050 -442.203042372
-557.423861617 289.634674816
353.793777498 -210.255071797
-95.497204244 -737.756542850
-194.776929205 571.375365083
-71.181978148 462.225118796
-667.286031804 339.716746387
561.183550618 -692.490097531
-216.613123813 -96.408378742
166.240276441 557.681493434
139.832187016 834.442449780
476.813965488 -790.867906564
58.243861722 890.503961372
341.980000252 511.223415236
-476.603559871 356.794608072
511.897656340 687.012172517
-336.073729800 -323.450032786
-58.642769361 360.155475027
-706.952430378 237.926694123
392.465361385 651.086383347
28.497048365 894.869746992
-518.702291091 -154.510717664
235.398155328 745.863125726
-291.141291147 695.216462659
-307.519941501 -309.578356614
527.315374555 611.910633872
299.640536777 754.040646441
281.439761219 657.764661500
546.081616384 -802.740785344
435.776454003 -695.963677810
564.382245878 -727.421205473
241.098287357 -71.750968326
498.615646226 85.678588682
207.134784591 524.901332955
14.197986209 868.715947706
490.125095580 485.286149221
319.681587426 521.481639593
540.885580473 -17.936460574
-357.746263387 343.706403824
-168.092605729 845.440991242
-144.536367975 283.476544383
213.689475919 -15.255642500
378.037768544 536.512489575
512.996612588 12.531123562
133.374754030 -362.722349437
772.319806732 -237.607232088
-55.292741263 362.498956582
380.071898175 626.650386450
-469.429855379 -144.782613584
162.004057873 537.904014869
611.430397279 -97.684666129
522.616421154 -328.823091533
416.555428811 -701.685744244
381.907753397 -729.993895980
-248.268627323 781.698020294
63.740063067 899.658484932
268.620892003 -136.091180409
-81.720859558 876.800681989
556.712277188 -708.760117156
315.996519696 316.732588911
111.388178656 481.199030397
-198.265337847 209.065716234
-16.693166269 896.832848534
477.078965862 -804.011444187
228.004605188 481.676425772
-293.896401190 187.260222901
-386.655995186 -349.084698482
-174.528018231 -216.177887523
-338.937683989 377.587323865
-361.249656572 339.799426265
-356.019118876 73.662898312
149.381082773 -267.052601763
113.155962387 -331.191510858
212.948899086 754.374443637
770.992380924 -280.751761542
-162.236375454 861.688776071
387.689083811 -787.145812379
293.191563130 888.006769803
170.980856949 817.545093262
73.480820643 499.893811828
167.081969387 804.509396533
-236.274022956 -412.191750385
283.519746971 845.577378265
-106.156618010 402.627491466
-661.126662238 -279.065880511
486.141640537 514.968548263
55.090278795 577.755636228
-367.206868498 -339.464676341
-50.237437687 60.400272718
487.402515968 -835.792209346
422.936171975 -772.787249944
437.302933136 716.745735745
380.708762029 -423.121782286
-421.430612504 243.216083659
-637.420884403 -412.830252657
330.551342895 467.345489180
299.855480876 261.990885740
-330.703607555 -146.753817173
18.615645715 -334.763255611
6.051891582 877.073791497
317.234388882 532.023962411
110.114369540 -526.583927974
-116.340354255 473.328035344
245.238393376 716.666085770
88.006456877 896.340286984
421.176596287 -735.924313193
-85.084420106 906.976025384
682.204014697 -225.718791495
477.222622840 -8.143392190
-223.540711596 -704.671759811
310.953222575 529.873271750
-127.206066952 20.585228374
-67.805259547 354.163058923
393.392194675 87.073159155
-210.350188179 -183.826121418
194.032920533 839.214057140
230.492280462 480.406337890
-67.010154471 459.579694234
-336.729307587 641.739535682
206.815399009 488.176034511
650.180155418 -158.534557542
633.660999211 -61.465331659
-510.712758090 -153.937475728
499.886921995 -794.677428627
157.922929085 -274.131411837
283.520952769 240.391305650
-505.290096674 343.815515568
331.784938206 478.417115254
464.747494297 10.837854755
359.046187483 68.059596892
224.806428051 899.974811850
538.790004218 -726.495809164
352.518103994 357.977266715
-297.534594920 -85.947082159
539.276525548 190.516791526
288.087066817 -161.278268232
-244.801082000 343.165706762
-167.754884007 324.137683663
-429.867926152 328.647523496
151.500981534 877.453025499
503.816543116 -622.229906271
-183.816693414 -181.681751999
-104.178718320 364.668163394
116.535002554 516.877633795
-209.937371722 -176.118869710
234.365542500 477.948142558
-179.070017990 22.758443312
247.197623537 451.271411561
562.878086360 161.783554169
-191.603497721 318.866783424
-149.790183684 -743.803455320
391.878083819 557.165636041
388.789809964 -733.362087115
-728.888081105 228.413498012
510.624977407 -215.554485550
226.903785461 148.151593971
330.983321776 517.303239735
-736.687596595 351.074931990
-20.798505352 886.896164748
171.162548563 -592.582882836
-669.060832001 199.988486761
747.666081413 81.349263707
166.670230809 800.641382678
403.389469036 131.051532748
354.738232196 -281.497308772
267.546436876 248.447711131
3.831352650 -570.273783475
204.890937253 57.718706558
520.175855535 79.224720767
-59.969124581 359.562863734
391.428030415 658.439899533
471.259330606 543.930158520
272.885427877 298.808158224
92.674406926 -367.221932701
482.519023799 552.751769984
748.364962949 84.036827616
245.145553162 373.931177501
366.834084514 -241.650975091
780.229609405 46.190248297
649.386266126 -279.684785500
-250.171396687 -277.361056922
410.542629424 -734.916461529
-135.455998108 854.520827428
136.542963119 494.812007666
442.010190327 -11.823386565
303.159277565 623.754740351
414.061761749 48.477812040
-215.659464895 306.249657509
417.165505762 77.947694858
-456.698487906 588.526163025
-179.130292441 -226.165976927
-225.539774163 440.181481528
-330.133122293 -50.253838934
31.505214596 868.015643358
336.644530704 477.913216911
250.593393682 129.487644131
248.256514920 291.488747948
299.495231702 657.717539703
320.708015915 -292.099384000
492.595152593 647.527326198
341.081047168 613.341058871
46.937334928 -243.170829220
447.056213720 40.868215205
75.216959260 576.434591545
349.879339001 690.120333038
357.964707298 -318.999568525
-259.870699738 158.567862917
207.515611402 500.149224438
-599.759799177 -263.009221762
219.343990410 183.985323620
101.748955139 259.165409719
737.566449597 76.485604198
-56.790309374 -685.151546480
324.688926759 825.022710357
-338.298974755 171.902945217
-574.074770391 272.139351535
214.730457702 509.159457828
-735.837790149 347.303398346
-45.288950488 -341.321548254
296.644097862 712.581207568
-136.722959584 389.477542792
733.733585227 94.734827651
-610.027317378 -264.243338482
-44.848206855 -135.717740478
224.488880481 -450.326347997
604.144044797 -308.807810499
247.227007436 419.790927047
275.730581080 341.454434227
-632.558460675 171.672667842
331.552993371 622.056081077
277.607456452 340.052763554
173.346992840 798.209888062
-388.919020307 -354.405052758
89.800828438 857.245750544
-286.899971564 -93.290401176
231.405269284 -87.456198581
184.421976247 829.256119453
557.337796742 174.971493563
-372.076655566 -338.023497087
-16.661808897 234.046996924
-722.999387029 326.318829597
454.779660312 784.298869318
-85.960949028 389.942019485
-341.541006906 -191.834541973
200.071523954 565.386798975
271.445600612 727.052267609
567.351201011 -269.176089437
642.015056989 -129.928441227
346.800810619 -272.309036296
394.789319404 -350.106047895
495.328543101 40.909618239
-314.459201212 394.586738235
453.356202090 -744.995861071
-26.613595038 875.051429360
-381.414365138 626.736310570
479.687687233 568.706055898
436.618251368 531.195620462
577.674319830 -175.450219456
433.962875409 -529.862669411
338.190659015 677.561039405
-179.203534723 847.637529079
-133.676086829 881.578251208
490.476747005 -253.383937812
-753.515895992 250.781992695
-51.065345493 64.955464288
444.425059036 -770.746641996
-246.264144479 -27.346290353
112.786004791 454.714667295
-642.892368425 291.369632216
49.039995607 895.657121555
-562.090145631 217.484076647
-716.436558195 280.143711324
270.176895489 682.881473400
0.104994599 895.302202756
300.043900400 691.308011877
-585.180385478 214.220486197
422.315985924 -853.255721391
477.603930523 227.468520328
216.229408389 802.987440489
-704.102828254 274.493533560
482.882173959 -28.408029585
490.144874610 -845.050180419
410.185231932 57.432367418
213.303570948 8.783857691
-123.806871739 427.623238773
-314.156991526 78.033728676
-189.596248634 -190.705395041
499.768421215 3.101281381
359.824299856 -304.381962613
124.370282774 512.454897648
420.931907230 540.992899861
118.562585619 546.264996755
-375.767662715 -350.866981802
-294.779780567 -301.977127510
211.770493878 758.879152202
-335.677012069 318.416605006
-273.063376888 719.736967654
125.890237240 272.184588149
128.685024260 671.992979317
-139.125501502 828.686420840
294.905367346 677.382065471
-357.339195677 340.337474832
185.593081814 819.220581606
624.562363947 -100.416228165
434.927598035 -252.072457688
-427.273733131 -205.595832079
413.097676231 -901.103425989
504.332380062 -14.658757625
-122.787966956 -187.563418749
333.701549695 -206.433411254
405.499908100 -477.355347587
531.300384303 -780.296959309
385.505634380 539.171505429
412.547691684 670.477407705
-190.619934570 -167.127559421
564.176079838 -602.297461583
285.982982986 -170.053233435
791.774853788 37.955277782
349.716382739 538.826347236
-298.326590250 -91.161402951
427.557818281 12.393978791
519.707810536 -323.292636367
-156.081854723 447.905001453
172.563860236 463.334129594
-686.798429412 254.635324825
90.024371543 855.292180426
183.308164478 814.773484400
-149.356857543 -191.076967586
248.878052439 454.974527173
-167.860131134 -442.569357089
164.533650007 854.002097428
397.821004325 -447.357149446
-105.056419746 434.212618961
449.259245866 -9.092989258
-301.297098324 -199.636967242
-264.942054334 101.349692696
791.135073890 -19.814349890
244.171962385 380.224948920
-689.537493412 271.778897739
551.919540582 -765.507310323
455.494423986 563.332360619
-679.053484368 -288.257200155
165.946548457 429.748486979
226.703362772 -88.117304307
-251.841670628 774.755204639
-230.553773384 -699.995788610
5.558785496 451.367727086
-148.640373422 -209.589072686
-84.118362637 -124.287144308
253.801251744 -160.180055441
247.999070567 473.183665703
408.726866243 -691.100610817
-153.452451767 229.742595685
45.258660596 -358.222318228
109.762832455 -524.269323240
462.363934546 -289.431469835
-1.110722853 191.453283603
-129.098629917 492.663856451
420.059259688 -262.082488544
543.781220379 -796.857724742
-108.316463312 -740.225538223
220.245276575 -74.841321237
277.557069359 -134.485163854
-586.549005911 -207.249597907
343.384584858 -214.136126213
267.876696803 -154.709154577
-456.959138794 80.122540696
52.679855307 404.693487548
-309.226576901 -435.821585668
-103.443510630 245.217764558
-181.530519332 541.733638089
136.059127430 -195.916510028
-271.094775951 735.205467020
-85.462884994 369.388612950
50.641495272 -364.483009852
559.212249414 166.472013519
-315.574884704 96.119292185
-242.110084530 751.127136008
172.939257577 436.437776999
409.945623437 667.263511410
507.451685329 505.287153695
136.681155959 440.683021717
-111.082685319 826.851855698
-331.098366991 647.329432131
467.942131826 652.256003358
581.388055681 -635.898779521
227.380919737 -370.651543912
413.873989952 661.266100444
106.891981405 -279.333456452
251.727747149 125.981740075
-108.682836917 203.399509058
-92.325342592 468.934391482
336.649874863 657.726769225
536.524068750 -246.716420490
794.687237026 -18.955739812
-678.010425898 208.179636392
42.732622470 208.723570236
478.416673667 -737.045863440
351.454601025 -242.748160284
520.673116163 -839.589413168
-682.489050796 -293.508146680
356.256382128 307.496325280
40.613513471 876.711671724
-748.765856440 281.699457859
-60.738050064 447.980906888
438.323014793 -411.140358624
-78.526796674 863.671905798
-556.135019409 -256.052842096
54.944679523 579.694666623
-71.384998749 876.588730795
-27.487152023 883.628931056
122.196929651 483.815711162
543.698697179 -598.276570357
398.069623256 -476.944352137
44.621072002 894.709607388
221.719098231 812.183252192
93.342006917 533.007324429
-496.589557806 248.571498543
342.071708485 500.275104219
-119.412564243 384.474837962
302.604859314 655.518175094
515.259761187 -749.202008594
629.466586814 -311.090599797
425.363205725 -811.601885629
-309.386204487 84.454755849
229.254784552 538.725723522
392.967574829 540.624594871
-654.208550978 250.199704244
695.510016798 -281.012359776
122.920504112 -294.904895998
323.375941651 581.522174671
161.365203711 -365.904119201
274.466846076 865.381138778
761.646032984 -237.792964444
445.881538813 -791.676306917
-269.150811992 -149.717156779
-367.703161671 304.170858866
604.715693702 164.051507387
-196.948889974 -230.602933479
-296.735638233 -226.078771151
360.790925475 104.545603470
336.967142649 617.320712621
-105.388173652 396.815933161
440.686270926 -683.385272040
-133.160837858 -439.753975406
197.471455655 487.059731966
448.655920812 -727.084434186
333.695517131 555.475991301
519.862617488 760.797921961
383.256558512 -737.578578144
-28.672600573 915.577075133
-236.326263693 104.767524526
339.896359962 671.698071644
218.942210833 63.652092948
590.105712351 -479.614912560
86.421792182 -239.357330302
224.980564042 738.399473954
-106.354518132 181.287798280
-88.149504807 214.979464503
-682.620387838 -293.542939587
44.521348888 245.645949372
-75.726985956 361.182533379
295.089444085 712.133174922
-97.019834043 217.652841860
-426.037426096 81.191517319
251.788696249 -442.784590431
-220.995621336 -179.531420108
72.559071369 856.930672241
307.200650360 470.703118102
317.276214006 677.726953652
-112.386242979 500.009525912
209.447077407 229.881430369
-723.597145436 219.655037856
-202.844902267 -719.409706031
-355.418450125 374.258053906
307.239308612 438.527478828
421.788750398 551.053349034
198.190384624 226.290323037
459.663699285 568.466458191
-149.366653648 -178.693097257
358.789358743 392.311566441
428.943372538 649.004715275
578.993713404 -564.921657382
312.352549720 -261.398561677
388.568922775 -749.707935323
-64.940856371 875.316477657
-457.683470571 -140.733436729
-620.868178981 228.502624896
160.312536728 840.867360892
54.055889342 578.205085670
-611.702398292 193.622763771
463.707076010 -623.010139265
248.923686900 -368.277164701
29.271329863 -513.012239781
136.284014285 -271.309912893
-279.116159112 -257.266610876
557.113455445 -367.090248163
-707.934037280 307.138759285
72.654247254 -146.467286924
370.317700777 585.884285332
182.287934546 550.746807268
-13.059474105 431.390706280
219.083738262 556.010240186
312.240198573 552.809365289
52.691084787 185.305553017
204.309816009 485.257444526
142.674272350 551.736567410
-476.044315838 -78.871788159
-337.237107396 345.315564735
489.455477409 23.973374016
-357.491119600 -339.807952040
-217.788164158 -481.153100788
-189.360999996 -246.585478422
-75.586501283 866.453757505
-18.999255338 134.683291432
-97.790248114 436.158075321
85.018073651 -180.179244372
337.374403854 -253.835989451
198.136854494 457.882639505
240.400235533 -315.511305524
419.415393104 -710.675105315
-178.541869277 23.661890193
362.722147189 -296.588254390
783.683900337 -36.900610898
60.238534440 -229.775030509
-122.511873239 832.340472553
-103.907716770 454.078351252
236.652057961 760.279082897
-69.472858869 208.553381349
388.605861755 -357.776490168
84.941056740 -252.960177395
378.568312941 118.861659942
173.167795506 305.595746810
719.534593316 -59.939767154
458.186176770 -771.060111578
298.523789440 -229.780455859
445.113839797 -853.975410909
564.494605120 -723.561516365
-464.318635234 421.650390003
290.915310970 -186.220780321
-143.572075719 412.595758820
-248.398152450 33.034738597
-196.316761029 392.976965450
547.199857770 194.007539366
213.450405611 266.801931522
62.168547108 -402.300456288
-83.923053672 863.125940492
344.685872610 800.119518937
-65.520254208 -6.563653872
105.982149445 510.527732529
-210.010592674 405.016076345
-466.197495449 -77.751145212
-467.392765452 378.995871849
607.241997807 -159.910980643
-73.776837102 397.908793614
57.066410904 -441.563508701
511.124611256 -88.541832144
267.375015342 728.650872699
437.463483038 -876.351448717
176.346080306 814.490942251
330.133812511 536.081223868
67.022076503 890.895635644
435.818293075 -278.969776244
466.214892855 563.184420780
-475.488740021 -396.385893132
-373.286766813 -82.466503846
-184.373602861 4.206667509
459.053523303 -36.432779809
-228.704424955 524.716445136
120.693605147 -526.234222005
-695.315328846 -305.310150168
-487.137349551 -81.339022060
394.158529529 -746.786562333
181.320710691 528.118378617
-89.321087664 393.066152107
228.279532908 -17.888261223
-411.660239955 -358.885361598
66.852919722 202.876453130
489.521467934 -844.676413226
148.138316633 867.338242179
7.021243301 203.910022799
114.036639011 502.554983352
469.672796113 -763.301235177
460.410785632 -135.150946894
-19.216630813 -304.351324117
-698.915918839 265.463092427
434.464239369 -2.470199966
136.293093680 538.265468283
-230.962584840 -19.571203655
227.931649136 501.400624513
69.870298187 462.830106219
122.828642655 643.760937625
45.524869445 454.046299275
474.248604504 -746.001130674
-11.747459963 -611.347939675
148.162059486 518.767499341
454.606806043 -636.777400523
591.278271901 -470.098983735
469.052680713 -148.472152505
248.090464561 437.835007129
514.124827017 -834.436301760
-430.920441161 314.996355167
86.971210508 896.323425518
-742.653435931 310.762996619
-135.895444672 257.686680942
443.929910730 536.271183645
357.453076060 123.980724015
313.207827849 -201.399592559
-534.631893694 -169.241937870
88.550921834 -377.406860912
296.677910932 413.497497321
-517.177271403 -238.915368319
361.568786438 -315.186042698
442.008247557 546.562391143
-374.932400637 -397.921830720
326.643776232 -274.857918798
-470.984380593 584.022064276
-267.765636135 748.808646516
118.281898905 -252.592674666
533.614180840 -779.968948097
481.991012225 72.305302722
-105.302191576 869.907583933
-470.336561333 368.757345585
373.587503963 -253.143946288
483.209055752 -756.023862031
371.445986402 586.875667519
-545.691233883 -101.245436080
489.407996609 -573.719143621
62.394026507 -404.738580101
424.969019591 530.086966159
-354.428401135 683.340051089
577.737581040 -559.897347949
490.575047793 -340.634299491
-242.523861980 763.903292244
23.841213646 222.588628809
247.594151532 743.196787184
299.593284724 -292.666756691
421.914333622 57.503070642
-118.291785312 196.970599623
289.928239894 842.892252595
-536.329917108 -180.017761611
-117.230996142 408.111830481
181.131330594 -589.394900379
731.149662618 83.592808145
434.324765744 -111.383268131
132.863742192 -364.112043285
260.604217821 -135.072425084
82.690854459 855.166507296
-44.900840665 914.582091680
-88.786020529 -737.017024473
143.231525256 936.305189282
170.050666087 806.783563916
-490.873632246 -146.754429590
88.781115607 -177.228996150
434.058197395 786.157355472
-97.246397301 238.895463502
-110.259447172 192.595129702
-773.046439318 355.734853735
438.855229526 -780.336564024
-97.046577527 458.942274467
-5.990431396 -603.081772059
391.238303413 -365.565703495
664.326235049 -283.607438293
-397.222608030 217.234651716
594.903810911 -45.435641035
-188.833195555 -244.495395717
14.092781954 224.118270424
146.228735897 502.162387718
440.323420144 -879.260686868
570.261631878 -636.590989366
130.008278472 246.937930475
298.469905239 811.420496193
-49.237868884 -679.399067243
23.606544354 890.675841019
-571.319827628 -231.778122133
514.033885284 687.631870943
509.252988291 -2.619859758
-81.522614917 -381.267935890
496.705444368 -764.270179198
-246.119766843 -160.934250491
639.215062367 -60.461556317
-750.833939630 316.880812780
-35.011231795 858.546161418
-20.859211896 233.458769640
534.114677163 -806.107857110
-418.273387147 404.381579193
113.141886238 499.863678971
-439.079091298 263.564891890
-187.161896724 -182.479610510
-238.764449206 773.865760813
-206.372992637 220.821799476
173.092565432 816.551214654
361.190766419 534.903677292
327.468432808 343.608297876
-136.882848213 836.652997942
-761.904481201 306.978245959
26.742959984 897.900111528
357.692429658 -304.277939096
-225.993235647 -513.795504444
239.312812016 -109.334979463
-461.621249359 78.046881838
-219.202190507 424.293886175
453.403153998 -195.687961914
40.338965361 404.075716529
419.194749043 45.237374921
-528.651313454 109.082270823
284.072882514 698.098272999
493.122469666 -18.003889679
-391.570233953 665.552320678
-139.037839154 -208.725714068
295.278363418 578.971151159
147.970814870 847.148686807
-126.985926203 256.063549930
-283.963365973 -91.292260781
163.851643487 819.217993683
-200.093678237 -720.302147816
431.385463697 -872.013951659
104.842687449 -306.040201917
344.802317415 596.942300111
543.584838554 -109.475494262
320.134899338 828.132809058
12.975430910 -213.258194044
413.816942579 564.992366307
-174.155881428 -234.960203203
434.318314788 -784.474017897
159.373801980 834.698166573
218.498304293 803.683845873
200.617319341 510.252954803
390.534656283 639.070408377
125.309240888 522.336045978
-168.438734339 216.326830236
455.512525834 -204.949438329
757.546020231 -278.438006199
506.944033978 -695.571956203
-107.885996157 -190.277659881
508.144646561 685.533100057
156.895717968 -274.600792211
84.815949767 883.742111330
123.907651391 891.049272041
251.034987229 -130.120502891
-180.028736448 -249.313274410
64.547428854 -446.595305108
346.707584497 566.042542486
189.031821671 527.979408101
594.879992685 -298.513531349
433.707506085 -660.882070719
406.246332304 -365.405964301
188.065622759 528.359953539
686.384161131 -49.257966218
-235.519665582 289.169022698
730.252696097 -61.589316491
-66.847180835 358.812877305
570.299519903 -568.032710459
746.684122964 -241.538314557
-99.353298167 -740.783700472
-492.759954852 545.177463620
585.412891005 -429.499248719
114.473594560 514.888396829
374.711804951 69.936132223
-183.798803437 -170.226842483
263.257541757 -445.031378775
-166.154824255 198.074714346
410.810976811 -714.383486587
-188.496293865 307.170602027
508.815231718 -699.504850352
-170.878707078 -229.225721942
378.172355361 -255.694543101
532.926964965 -249.063273555
467.702969190 118.746709454
-108.028301768 387.993028025
383.738789390 -766.690308310
-380.418733489 -81.960746438
-318.008332278 -373.512858406
-691.016802814 275.649709512
295.315411288 558.982891532
581.721120603 -615.619907726
487.881205222 -11.438790787
273.663194970 245.039827169
-45.603937544 382.373306609
521.160986269 608.099834816
285.393947686 681.459520481
481.014519539 -604.002523968
252.032631235 651.972937748
-664.647001161 -377.524853920
-47.166602747 887.990721673
577.339724347 160.642823478
339.202129278 609.844664941
473.554291200 521.482120301
582.568949918 -557.073948317
-360.494941340 245.917857505
181.380375390 -285.386785821
426.289745389 48.330843530
-508.791469746 395.834350988
-447.307766866 258.716200844
420.600230218 -837.828756163
268.364940471 308.629320897
41.229978965 418.790439433
236.830956342 -443.854741569
-327.863275617 -45.189621659
275.502953799 700.871432373
247.840401032 403.509548375
-550.909530577 137.457409315
400.060177671 -69.221794408
306.078635349 -285.071679073
236.333303707 324.974999684
-142.313188010 415.549939132
283.283705747 591.555567504
-644.116634116 318.097315813
278.309078630 686.029507053
-354.856811911 493.897603312
-104.172204828 -186.788201344
-141.234454369 837.860792991
-229.440753493 769.974233159
212.720043507 780.984527156
-360.363320526 -342.462928451
-714.337424118 357.431988279
119.556444800 501.602414725
-82.506577790 353.350138955
-335.625388137 135.246169678
-15.749494714 881.214713283
207.805685806 805.311504215
294.842766888 715.355326848
158.799909357 856.984428302
137.852257937 495.628057371
550.901168046 -737.943945896
512.862864983 656.070987269
-75.017239334 -363.570630484
143.435847600 870.481740097
-357.159447654 261.332363857
346.682891233 672.355058868
525.417406980 41.924487171
614.691091849 -316.852555455
119.475126793 875.485844725
8.502042499 927.726543615
392.983011718 -54.975884297
-187.200991861 384.472959159
-36.785898778 78.548934210
-245.815309598 746.251207291
291.667721596 688.325982723
-278.636245430 715.278109666
374.478773060 613.654557972
-173.637091249 -194.726982488
142.166992962 -584.907786784
397.780237548 -480.892582506
-124.039662854 -204.484552220
-318.216772382 636.758026575
474.001340606 703.021062733
285.077947868 -180.741136336
-120.832558496 158.623603699
-168.763768825 204.200628814
604.113725861 -96.489315434
20.603058452 587.432889261
381.526337908 786.453384215
-287.409806002 163.052604865
-587.980055229 217.401562408
-281.197315608 -561.005201771
308.067719014 258.931616491
115.222031084 519.857703755
372.669887904 77.476440567
364.190682826 396.120281730
380.933547761 -749.546099810
423.228130272 693.344851127
-95.902255419 214.647252163
513.031358548 205.517319469
343.141568388 522.481494471
418.824654936 -773.605581878
667.155415079 -209.345626027
426.925371756 244.151973119
298.331472082 582.740153997
-300.432319825 -221.945261968
-525.918868445 419.276326506
529.163395622 -108.596986595
-659.260715469 310.216630150
373.791770994 627.496163190
-433.331180409 -182.461683048
414.188069446 -694.698688263
270.779964942 686.141161210
-624.698370001 218.409710807
228.306247681 895.163129502
-169.807373783 431.812484914
213.942097445 -69.518907469
-157.706408081 852.145991978
162.057986266 934.007980849
63.788136769 463.474073705
88.915387794 523.733450222
-279.903820045 -563.177798998
766.822097101 -39.410331291
-701.585512198 248.595478681
-121.906799001 386.749815066
223.317361276 500.614491357
298.746130038 425.248913109
-3.782388396 -205.551361919
-231.619245701 551.458649819
-172.110022051 186.950698483
-485.591875111 -396.065036897
-339.565021905 85.147794186
382.180632408 -913.341906295
-423.149716524 342.473259553
-417.997582116 237.462061393
410.745708310 -369.318569342
-220.453781120 562.322414648
-139.256409372 140.454245553
160.068111639 531.953043260
627.698422396 -188.509969222
-113.324204063 195.395663935
561.029089022 162.557714614
-255.976140421 -289.045918985
499.394910150 -834.612350557
275.914841887 -137.627799458
-284.612368445 687.890025489
535.263376213 -761.978737086
122.040198806 -191.550845481
717.617310490 -43.695839144
404.026540462 131.870682795
408.338590657 129.742836226
163.132091834 862.283052937
222.680137732 554.525759459
204.219121075 25.727580334
334.049596445 646.841387838
276.170617593 355.986120394
470.408132423 654.670700347
337.073630496 -303.304732764
-242.643173239 -688.265359462
-622.608701588 184.831961451
8.716487034 872.815961767
741.166641339 78.638734510
-525.477682839 -201.842878397
35.406393170 -491.228997997
533.096867480 636.712943972
374.686638284 -750.547446230
456.838580242 -782.615506739
112.369719271 852.273543277
-508.942393445 243.458205285
706.625720251 -230.796294104
205.849368125 486.301133338
217.419029712 754.755667069
234.243041490 770.151463093
554.776407272 -739.098448036
481.533777096 81.870754031
507.014874681 -312.297873499
339.912142589 718.903149095
559.348848435 -579.349462681
-228.746951252 -15.511302145
181.935771396 827.807073244
30.904524447 412.028268823
227.751313080 763.051326839
-73.090433979 883.172281539
143.859376848 834.134563678
634.434418845 -59.783957492
189.718019407 847.173681400
747.679961915 -278.318131485
309.339112124 443.568034990
524.483897542 -767.870759605
-13.023139729 599.941506759
56.901992787 894.675855509
-203.723139792 -180.231793662
-112.629745563 896.728674265
-605.174183884 180.549442647
-418.420950303 74.712856593
176.980639628 467.048493021
-354.042678038 679.253865534
303.415979395 721.514895185
86.848994775 48.795358855
-127.851431434 -420.627812475
-103.572399889 440.022324554
-74.384593954 435.667984110
-341.656931939 150.342135111
-165.357113129 126.991814688
-105.930166926 158.390337548
362.567505420 -327.610551465
515.685778533 -38.771872372
414.170181540 695.619235267
374.017669049 355.927877045
486.369345941 -22.808921688
370.304534534 -335.134615196
308.408937044 816.531526137
-441.329375828 -221.724803635
-21.333172089 233.498240044
150.298016748 -206.598154041
33.229385139 531.641291308
-314.466414765 -177.975907867
316.695526224 835.927943197
188.274091312 854.552131762
418.502456123 -874.199145999
-491.291416175 352.500355888
428.007836764 -98.065756372
351.373896333 300.767454413
482.599168763 210.665649221
458.116206463 -834.495561277
-86.630536004 469.588529270
338.300990423 324.036965289
343.157474805 -314.499953284
-194.687085008 -232.463525485
407.059641015 -697.554629444
-762.127588202 357.316767264
779.121300829 -269.294301689
432.656440298 -735.620056931
782.569050164 -35.109490817
-66.005937163 44.410984873
-639.431393481 -272.186457266
446.782574867 446.158708103
440.960525450 59.589491312
-259.175382489 735.189824630
313.497898447 236.815787509
-247.846821436 250.716007521
386.224199813 -231.389658431
462.144902912 55.148945124
135.408606561 938.281013195
43.728903630 -233.856290139
-17.006765917 -604.340646536
199.724487477 454.799479254
-88.524414580 853.996339785
-227.881885414 -98.392011501
297.794812648 589.203616302
559.473741485 -785.833625899
-630.134794977 172.211100224
404.299643982 265.786845820
-338.203730003 288.405446958
591.486999120 -494.223757697
-137.684399647 -182.005488329
269.472691713 -528.727640907
243.383456020 130.671280851
-80.343636805 -184.910918628
-102.983692977 828.401715010
441.994317647 -769.390517388
-158.458357058 269.697560025
-114.523465313 363.185223717
530.604681235 26.081751517
583.267845280 -541.526425610
-524.496153087 239.488865347
200.208065216 20.562903267
-190.627461127 -174.811606381
444.936844880 774.871700966
492.664401036 -746.973357205
453.063052148 755.160918138
500.042341516 -835.271992971
130.785290736 878.083476356
-200.969442667 818.126862886
-636.472412203 278.940229181
-466.374536519 -141.702788745
-15.972296118 -322.323258817
532.876162234 -412.850098694
74.044661619 -377.226409678
-72.746624138 -724.953370242
-156.459073177 10.242342774
-19.592630639 113.969970884
220.106653357 140.985811505
370.640836029 -562.044335959
480.123808037 -700.846488838
-80.538712643 469.821879524
-647.416128251 -271.402462877
231.816235037 -248.367518704
-249.968431004 -152.269775259
-285.045040786 -273.381062125
248.630353184 -323.086370042
150.299440998 531.018299004
-185.110666015 -242.286954852
429.429726352 662.866950946
-426.601378104 645.489618958
567.084315864 -32.292556479
-336.576083736 143.300811271
216.890735912 -61.721487276
-649.250404674 -274.227271853
-193.293751679 344.942655913
691.224881374 115.544091476
421.063026974 -679.564108198
229.540225652 -11.119325604
-14.263814713 149.790172284
276.788085845 859.946352488
75.740657306 -427.614339062
-461.062157243 374.559441218
355.009478130 -316.970356553
570.135103290 -173.434072507
485.144616816 -799.112053814
-163.569592484 388.620239468
-583.021392413 -218.767917925
-668.918626885 -376.217600393
566.514020541 -381.962363663
344.205254369 -228.835290097
-674.446679431 207.996469103
248.593030297 378.099074619
196.992577321 769.983559368
-161.798931237 457.699907345
462.345726154 226.711320446
-292.600884632 -598.410254530
447.726177386 -700.506473621
-694.858270669 243.077022738
447.653444736 -703.940062053
-187.160973018 26.269699370
201.337078534 448.379385855
-169.793168893 433.393056741
-429.060366948 280.481713947
-339.150275826 -50.521144284
555.728677132 618.482014519
772.957215296 -32.360951657
505.539834521 213.468714308
375.719399399 275.616692151
-78.910381677 908.365788072
466.541061072 -812.494018078
319.068798426 347.493089652
327.725967237 493.871585803
336.915881562 637.995257049
230.310282020 -103.022939227
778.123094405 -17.036008786
236.644459522 744.547645785
293.897737357 -211.091883799
232.447089180 -371.522839896
-680.898072161 359.298193815
245.682465415 502.728764109
235.071296892 -85.401576193
377.398787894 62.057798385
-774.765781804 342.805595089
-89.163323797 439.964576626
65.586184840 245.472225203
60.695664118 -385.463585190
-153.867558415 -216.454851862
49.078590720 -469.929059560
474.090788793 -152.442284887
304.940293027 562.992706873
-321.923588970 84.391817659
-14.001589966 600.905136969
586.780751070 -530.705863605
332.824138384 19.693820454
230.815903678 778.119795048
-492.983135935 -229.026845385
320.441220495 739.605675203
402.835093540 -61.963444083
744.575623917 -279.255886050
576.994375260 -175.376619225
-93.074048111 879.859156627
654.697072835 -46.385937098
562.619421188 -105.943379250
315.885608064 497.459630228
505.197967165 -311.900931319
-385.753968570 216.311125565
-391.947481913 70.840527918
-695.642443594 -313.697429316
-114.339410989 395.895263872
406.490160385 563.532771094
336.510465155 -275.526683535
459.112672810 -767.232136866
-216.469748521 787.347500386
432.401906160 -721.565514330
40.778777333 283.198073633
420.563800938 -919.227476086
546.002673930 634.738278991
448.653723577 -752.105624956
122.362377137 890.365952122
3.223481042 463.314429521
-218.472080153 410.168118568
313.481672961 -526.415273010
-222.845236669 816.158712706
-9.696123438 -328.492429909
147.480923880 479.459444077
-214.486853439 383.672855423
-86.362784330 -298.728004727
445.753364954 -7.651187638
345.363417888 711.473650838
331.854392324 601.260031749
-120.090624373 -742.975970695
-735.884078837 281.492372754
592.334999935 -489.040397831
513.411241352 -20.624956169
486.782246585 489.405897129
355.128562798 305.753505237
-115.738700207 -743.818908500
-220.854315373 -152.863632362
12.061068977 871.579840472
86.997501253 847.651742683
108.210122886 -307.533456405
504.852813796 211.372045322
181.856006087 543.709310822
506.135004473 -789.280233678
472.214646015 -155.382687806
29.674207399 225.408189557
500.563056537 14.590237138
-732.426778709 359.597598654
365.862241403 395.297834951
219.415365481 509.583688630
406.810419810 609.754358212
655.209126181 -45.172607149
244.190506672 351.219533958
-428.568461452 279.245987717
514.264554242 34.291740754
160.597905168 279.838987598
-212.861768976 413.195013984
241.519761195 328.190724198
380.284406609 -943.291817499
-454.158210859 -79.553943389
65.269379385 -509.926452550
-82.615488605 424.014660850
-46.722117502 853.836633404
-212.268497644 798.005941553
29.215639975 861.592426721
225.456204068 183.895813406
-391.893671480 619.288972078
511.826287085 -569.215192197
297.143047467 709.221285648
-6.955092209 184.958805283
183.548539371 245.360615726
318.709701253 366.715921910
-548.010980024 219.921602550
772.219526890 -19.763535893
-620.692239605 239.890613611
-211.275157838 304.397658340
537.926488894 -241.906675183
-318.050324832 -186.853517048
297.589057087 -193.621278103
397.327147166 -264.206692456
537.626081215 -587.951394897
-445.627093030 256.628384364
-160.274864174 -106.515982111
333.133009248 788.784174552
393.201214584 601.286721964
-579.898768471 -212.559737145
216.756381473 -24.030281623
-217.545853614 578.027584860
-363.106345703 332.582773476
166.167639323 461.061507497
447.657165065 61.449531419
-27.305589305 896.818327094
396.897797968 -875.495189857
635.855354882 -43.116214563
22.092180235 -153.227009151
-628.098982286 297.567126156
410.464578912 -810.740049678
378.820947203 -760.189147629
446.946486953 101.805734074
-293.866160584 191.613377987
-109.459797639 -182.752586836
218.705305502 -27.187155454
284.751644755 -168.158448022
254.605860575 299.488952128
206.367950726 90.616602665
560.776418669 169.180158040
504.952020174 -741.449644343
-132.684859493 864.950700386
506.771017834 78.160449455
100.929984085 40.369938112
-622.999809916 -417.010605579
238.059283179 144.623384226
729.935638972 94.196143026
301.284571778 607.752583938
-124.823106956 -427.349359261
-724.320920168 280.901679789
448.269974915 -705.677061826
228.951548729 -107.243076545
407.247563427 10.610746430
208.695469797 541.449447069
-84.858010282 -731.819569430
316.008281423 531.268125058
-147.005841426 459.964835267
560.079217119 -555.613954823
317.787993666 449.890250114
554.826114377 -107.641148288
341.154624587 514.562971591
534.138371782 -790.346833784
316.461567235 321.814500223
388.976678483 -897.047723721
-229.982050552 -322.619150257
74.933270937 534.425809634
144.757908230 874.187527874
506.453792124 -576.781759704
-50.957469081 -680.866842572
-178.265265704 560.864000560
-512.834814603 -412.152837992
238.724454415 -366.611961026
-131.842621087 516.432753922
526.957804465 -103.980497098
-10.369006132 428.017406476
-178.189709095 -730.453337917
614.042943083 -49.647228851
472.715930257 521.119786176
427.762687339 453.658979706
-253.827466461 232.322229125
546.280486486 -638.090352430
-686.325690697 228.799001965
292.925797046 663.184936354
-101.428954200 830.964317727
704.835476404 -279.985220758
296.584283720 630.902815188
-22.448197666 920.298817891
-334.358790924 155.436160602
302.862734886 -267.091875344
173.016162034 555.148098024
-93.484329176 -182.302199696
-139.995238350 425.541358385
-339.193975816 -417.900706884
140.191389150 424.046368773
26.039963992 -343.742836140
-34.568577582 907.788605305
-438.057579684 -167.463805322
320.482268128 189.667692991
-339.119706269 -324.371490515
-215.096443772 416.799469365
411.752840479 256.155614809
512.812671430 -700.933627045
384.919387112 859.283609543
181.784804037 549.024363227
-194.640788141 810.381343002
-119.114912802 200.324729785
-211.651676469 523.936637500
404.374862997 -241.342290245
96.329615904 867.282008936
-262.824828547 -662.566077255
353.161232774 891.266092401
434.079202947 -691.366468475
529.902877098 -716.929560386
-299.449238907 450.373626268
316.821031041 546.814019836
377.788605181 593.073791331
-372.663578523 -81.310522452
471.578441716 1.351620795
-150.849424284 453.722293202
307.414958118 547.512765554
438.321959042 86.928678816
39.075717672 582.963764605
-154.666208601 -163.706391630
-534.884954901 -183.016884243
476.356754693 -325.228698964
172.133329084 452.308790215
-479.896075419 -401.777501202
411.106671654 -485.465459783
-157.890052741 -226.472869172
210.502668242 794.679764920
227.442999553 57.079315341
-98.125061043 36.947787917
213.821038393 518.921138538
436.788086982 -692.972984493
446.354906059 -851.706566102
423.145504812 693.206061196
-128.784993435 848.684458223
598.551606809 -52.696841602
-771.363238968 320.198378321
-182.896741927 842.620883060
-476.886513200 95.292417486
69.774466934 890.988587782
-295.484354358 -155.593552088
-252.616410673 -151.168302510
437.624456594 -841.130441345
352.853328790 829.802083772
-346.148172394 406.122380611
-56.489004972 -345.946760255
-256.524208348 204.884576743
-112.780205039 -744.647582614
-639.232475918 263.060317835
-112.861029968 -744.677777161
511.403037816 -843.696527153
280.288202885 681.207136710
-207.640945898 572.547318846
-113.496373222 354.028290167
166.752227485 464.082191112
375.646204490 354.799559111
441.145492100 -739.940212503
-98.178436775 827.671820816
335.069314634 577.585562039
-209.114111947 101.300909175
296.688182431 605.571823015
531.591724606 -622.573193697
135.188262326 277.343376777
-58.889234355 364.008821506
384.530213380 540.623452131
389.279833137 73.883106680
-161.774081774 381.436023715
238.186574968 -122.955626734
344.072488101 581.728200117
295.618448224 606.701277594
-513.169373865 438.856221937
-299.896544537 -382.299334671
-96.830121879 -178.554023239
12.461385555 874.976278957
-487.682886409 552.516864904
569.997460758 -29.388368650
260.797693546 315.327113587
-222.815163098 -188.965510871
-273.832341481 -547.915148628
-30.012782652 827.154302357
-174.301546892 398.201504638
184.117481105 454.564166957
-441.033529468 632.921594928
406.880520931 -549.540816908
114.816360893 547.565764001
154.109000241 479.475341452
292.051575727 569.299013472
-77.472963054 -294.653469225
682.375747588 -58.152427808
-74.550317313 -716.306674921
83.654110279 -436.930420206
-398.338135861 -356.153358815
-463.223483277 -83.686809643
311.024167213 -221.223880831
-333.036695106 151.407172485
141.874798065 661.373850808
521.460008073 187.853534270
559.445403218 -769.363315626
302.244444546 -293.324775779
324.371466285 -302.229730631
566.179558795 -630.797046125
47.439318893 -360.539882563
537.599562444 -518.615649865
-225.979016588 -324.189896684
137.935737656 524.662916558
-476.362998757 378.735822556
384.458828984 -792.308106451
378.408697020 -769.797123012
180.311348482 447.158897029
-767.864807744 300.452087118
439.446932047 -804.203603178
406.363970743 -810.842655005
680.389501361 -43.663977107
-524.336026567 -94.989422948
564.775386539 -179.278745781
-175.589606018 -108.015781645
125.999302995 573.304966819
-123.848915268 390.133132563
297.985463177 683.063658432
448.324849641 538.176713289
-185.664471179 384.280628847
-24.994302692 827.890112095
220.973929943 34.722980752
-280.813423465 55.538529830
253.745042335 299.958669823
491.243083115 -796.470471067
-706.690384741 319.239619259
766.501180454 -24.465800427
494.041028322 198.293679462
-130.072460645 -188.424892573
-73.840074803 -126.474116831
-709.167037261 257.952625471
147.205313684 533.821855681
-49.953315306 867.435588965
312.428708092 764.302423106
-145.657218375 -170.153675965
630.602317248 -287.333753357
436.968420908 -2.576671471
-762.760029040 306.306457549
302.351575103 682.719630705
-150.320528212 535.039925713
-319.972107555 -44.816912053
551.090375171 -764.683102585
633.136392337 -177.442783414
457.354026298 -467.480332245
439.298909180 6.046774936
295.243271947 -231.836454113
502.864622860 -747.766377576
-28.125246702 -309.323413785
222.717353366 120.209539070
221.026553888 -591.391856289
495.245884399 -717.278539836
536.402814967 -744.839555598
-236.921204452 93.527134465
-338.323757172 -359.083917807
44.617057565 497.571846494
451.578441691 540.209693012
460.525671626 -185.908408542
-655.033454519 320.613746296
-731.092745250 230.958610107
161.778502377 -279.346403392
357.603399041 557.259502971
-115.572041853 255.240841847
-584.868823678 -197.316310153
-365.832533526 -85.010510163
534.535448395 -7.428889237
44.128719958 860.345395625
-70.233917232 378.241840177
321.525814433 527.702904399
-213.919796333 -188.829344318
311.533216271 849.804217649
446.774225910 -726.056325726
162.707136218 426.856282279
213.853644779 -3.699426366
194.692348484 529.853727503
326.842684027 530.065272082
500.699716585 -350.420776974
336.902955920 841.309284628
-76.187142483 908.702765357
-154.618027694 377.925297557
-120.724521050 -114.866963407
625.305307561 147.738215486
501.437644611 85.687975333
-322.903145210 387.225812340
-168.754794576 550.532102033
152.627348521 819.860139285
-52.442326125 -687.033694148
404.317855094 -248.283126843
474.648797949 -161.978412933
10.682942389 -150.412906690
8.201603209 -150.252144964
96.938132414 -249.998350032
-74.827901846 464.128948450
-87.699284348 -181.859383608
-167.781769104 438.675128026
299.936178214 481.854906356
-154.409813056 132.713391092
137.192862042 863.810151893
-315.770549164 654.934791557
198.912520497 42.310902413
451.876414551 235.693358284
41.186714543 411.087596857
336.305393083 643.348800816
187.608198454 779.119005038
-151.375287350 9.844633409
-4.190173637 234.304866431
361.462698274 819.139838504
-296.463583084 -94.315595959
437.052529116 65.649316396
704.131708656 95.313060080
-511.456612828 399.251973054
122.450917675 -361.665930970
525.098861852 -822.136295051
160.578457026 643.307297393
529.396598671 -797.269168425
122.506578381 207.028938081
388.078396138 78.170295368
-178.945413607 292.652447569
152.971748525 855.360735237
152.982054637 821.827608519
117.319255899 -305.472623591
433.273120527 -526.913760774
282.634139433 -153.330671671
273.020837383 -193.976161922
-257.785192936 -286.171190819
-346.390030303 288.392266678
-234.980290233 28.238495976
312.703371870 -194.940212205
348.889697233 -289.269231032
-105.725385768 219.057694484
585.794727250 -435.683784968
186.293569591 435.808395776
-536.709043160 -95.638615317
511.286992660 -223.070707636
-654.050642289 208.695079016
757.539666588 -239.331500088
402.764103809 -743.577668010
415.556883122 -383.700102011
171.717162442 311.899400879
474.325202648 -774.262679304
320.620489889 -257.398328559
520.060747534 -733.363167642
216.930508378 754.423459904
287.437576763 -159.255431058
216.944402659 0.163456576
469.400924104 -751.642784856
55.033547253 -459.632639413
-584.510549876 221.814138395
-298.602604269 -202.628135009
-149.327714772 237.144842252
-322.641635212 -46.543131741
-218.115916681 795.419809045
796.548978553 25.910012225
524.897678430 -584.804407561
410.211618053 -485.614761615
-248.283445781 78.927300776
337.138777764 499.101281354
-469.046963974 595.544557747
-680.723799051 -351.105274340
371.861597904 627.458500644
119.219937384 -302.744656976
37.484622108 420.972771776
216.123679996 26.932496025
-316.217824042 -85.628635429
-267.601483777 -395.424659385
130.451510550 511.081654658
-161.634547098 420.371193836
-119.356556744 826.780712939
65.354617933 192.058416053
-380.160846336 626.110860332
-778.065639067 344.302550635
-178.631156884 845.383080997
206.675512258 435.720714498
448.942810711 774.633627443
-65.962447634 -308.306144234
160.550903581 821.066801883
-45.188768650 -136.965416438
527.989124983 -584.733718581
224.853620492 79.958025770
-231.774313690 104.629499519
-165.124909355 389.261022972
-142.962215901 456.020273918
-143.382147760 138.360546313
-203.549321571 -199.010567920
411.562897503 -728.331020714
387.421544771 -335.430858358
426.844919874 -923.672535987
-453.252174701 89.672210514
135.246881075 276.558946179
453.994514779 -499.615622986
-522.199122475 96.265315809
392.056011586 -900.200562166
519.815955024 30.530000917
129.688208378 -289.352011364
-312.613522536 84.491172603
-207.057507293 818.873461005
-452.771748234 -140.349052119
309.090648223 557.164480328
713.009207459 -60.878363006
-380.004552455 -349.440717087
-241.434552666 -18.259183152
349.217426543 -321.375147807
226.591771793 -9.073271660
-431.495393014 349.956297345
326.187652580 640.309695391
442.931879546 86.011230426
282.725044612 -144.227170692
241.523960432 125.218584861
-160.462712589 -459.800110839
552.396083353 -37.026108087
9.736879010 896.359822030
398.142170509 -882.096211880
72.915987144 244.313702514
-250.355356234 85.778430237
143.871184142 866.292558759
64.638419430 -257.766285853
555.423105269 -39.741689197
351.088187389 817.298482477
208.417182512 565.904666226
777.949303890 -244.639789459
313.149990688 251.375190082
389.109220950 -901.785758228
-169.655681864 219.390622986
-382.818307648 -203.556732771
-498.566545381 -402.484378957
-133.229630662 472.619938570
181.390521568 463.499851027
130.837071640 571.330516780
441.463068889 -269.850028033
117.370158358 545.735973951
290.008004403 -222.397645459
-218.257681231 804.383120248
-92.426179026 421.625522509
75.534001401 453.474907797
592.433782807 -48.747644816
89.961324527 522.505363507
354.670047086 695.318286565
444.759192338 522.763114248
95.224385758 252.558160287
-203.211975929 530.289397576
652.748440726 -202.435031995
222.522966282 784.880518909
70.722702969 856.189300753
377.289952193 633.860189854
-578.268115445 211.102446519
-111.575084959 249.150366550
270.023681316 -585.937213018
-437.948574408 261.359658913
-261.200367358 36.555142119
533.648802119 -728.323622400
166.428125217 439.481336673
329.764653962 370.393625662
773.421698384 63.613320031
461.546073020 35.780430449
-572.356284006 132.658974698
450.287215535 -262.107725380
-229.061897765 499.230120358
536.373391437 20.742741149
-194.591355036 -172.698336900
652.580534543 132.587869429
314.504793221 -366.834499459
248.209406687 747.238856941
441.639960533 -702.863724846
560.129105437 -26.270777506
-472.566028205 363.262125932
81.374928259 -247.958393303
171.115514673 486.170490400
-767.644228281 357.124068990
169.417900166 857.858912562
193.186081459 510.722768512
376.711845617 -918.339248491
-434.439567011 640.169834118
290.879570967 810.728677689
494.303667453 -770.605884520
189.556627559 435.755461618
-95.822896802 161.738498034
1.110240409 207.456846205
322.054616871 563.017975898
197.289040839 82.877529577
-328.169458675 603.790945125
528.686095715 -791.129265352
373.094008686 -238.284884537
-684.439731519 -330.947401683
-53.049534709 207.468020870
-587.863856478 227.235419551
215.000586883 0.800671240
505.787184717 -761.925107242
529.283497666 -773.764886381
289.043045100 -160.925976985
-97.853526144 -175.793599386
-192.241076554 204.698795787
469.947161393 -761.116259569
-60.240532473 -348.959560728
168.070832457 466.724960312
229.435551020 -69.612285513
159.392606827 526.084277742
-328.340786201 346.499043940
245.311064859 -369.381187331
-192.722977393 29.351501604
-678.390869062 210.719815188
-432.152238821 -193.674779885
215.881428876 -17.366357778
74.233818400 -236.845489118
275.222549003 726.753542300
39.477328475 866.801683164
24.943280017 529.240807715
-331.894761929 -368.934546767
-553.269810571 -107.467795955
37.622176542 -245.590349066
484.359947470 -156.869626429
275.978946845 346.811129449
523.950068678 -756.395288000
440.536399418 5.351851854
75.472655081 455.014983117
-83.445332142 240.411673121
106.297165602 73.125278628
72.934212805 -260.179431474
-681.302358172 239.277886228
271.994213962 -354.069668186
165.447591705 -275.437718674
431.119544663 -723.130468182
212.744121828 819.241691534
-762.091613439 311.520635212
-15.874475416 895.016740874
334.702259317 -419.136399746
-291.758997684 -162.752409423
-154.993100727 -196.172388599
330.302718662 625.812848499
434.570053651 -528.932831033
713.504904154 -61.155594330
503.060116535 -749.812647905
516.133162590 -744.111285900
-64.756292177 432.162741337
422.653224121 -266.819916212
430.175586468 -729.030711944
-100.201821046 244.893514881
532.561014569 -10.541689387
272.087004100 337.471767739
593.049744738 -450.887605297
396.915724555 529.400374964
-228.460645293 542.072541915
514.138750220 -830.716826197
212.332528227 753.228090328
-82.612178781 378.627715516
531.923370587 -737.223770147
-354.831695335 -336.003298098
-159.259445814 852.509039681
170.023225703 829.184560925
108.496630544 544.856831785
437.309956699 86.805622311
336.091075337 565.564639694
446.557900089 47.193879732
294.343334963 574.213530981
376.028976841 -732.941837346
206.666362032 258.427382495
-12.363765112 883.710934542
-4.449869896 586.202996542